1 1
1 2
6 3
1 4
6 5
14 6
2 7
1 8
1 9
2 10
2 11
4 12
2 13
1 14
2 15
6 16
1 17
1 18
2 19
3 20
5 21
1 22
1 23
1 24
3 25
5 26
7 27
9 28
5 29
1 30
1 31
8 32
1 33
2 34
3 35
13 36
4 37
7 38
11 39
1 40
1 41
8 42
2 43
6 44
9 45
4 46
4 47
14 48
2 49
11 50
10 51
1 52
1 53
2 54
1 55
2 56
1 57
1 58
1 59
3 60
1 61
2 62
4 63
9 64
9 65
2 66
2 67
7 68
2 69
4 70
2 71
2 72
2 73
1 74
6 75
1 76
2 77
2 78
8 79
12 80
2 81
1 82
1 83
1 84
7 85
4 86
3 87
2 88
16 89
16 90
1 91
5 92
1 93
3 94
1 95
3 96
4 97
3 98
2 99
5 100
8 101
1 102
3 103
3 104
2 105
1 106
1 107
1 108
7 109
2 110
3 111
5 112
16 113
1 114
3 115
3 116
2 117
11 118
2 119
1 120
7 121
2 122
1 123
5 124
1 125
2 126
2 127
1 128
3 129
8 130
15 131
9 132
1 133
1 134
2 135
2 136
2 137
1 138
1 139
3 140
1 141
3 142
1 143
1 144
8 145
4 146
1 147
1 148
1 149
2 150
1 151
4 152
1 153
6 154
9 155
4 156
1 157
8 158
3 159
1 160
1 161
1 162
2 163
7 164
1 165
1 166
8 167
1 168
2 169
4 170
1 171
14 172
7 173
2 174
3 175
1 176
1 177
1 178
1 179
1 180
1 181
1 182
1 183
2 184
9 185
12 186
1 187
1 188
1 189
5 190
1 191
3 192
2 193
1 194
7 195
1 196
3 197
4 198
13 199
2 200
1 201
1 202
9 203
3 204
4 205
3 206
8 207
3 208
12 209
5 210
1 211
10 212
13 213
3 214
7 215
2 216
1 217
1 218
4 219
1 220
14 221
5 222
1 223
3 224
2 225
2 226
1 227
1 228
6 229
1 230
6 231
1 232
10 233
1 234
1 235
10 236
12 237
1 238
8 239
3 240
12 241
13 242
1 243
1 244
1 245
10 246
16 247
1 248
4 249
3 250
1 251
1 252
13 253
3 254
9 255
5 256
